-------------------------------------------------------------------------------
2 vs 1 Variant. treshold = 100
-------------------------------------------------------------------------------
1000000,463.591,360.671
1100000,640.559,380.986
1200000,752.292,435.076
1300000,690.713,500.131
1400000,758.635,522.292
1500000,813.819,584.312
1600000,844.045,560.429
1700000,1074.89,582.33
1800000,1032.7,642.605
1900000,1062.3,645.834
2000000,1186.22,697.874
2100000,1158.35,727.751
2200000,1284.03,767.097
2300000,1310.92,766.214
2400000,1409.72,832.509
2500000,1389.17,788.877
2600000,1613.56,1073.12
2700000,1759.7,916.927
2800000,1419.46,916.896
2900000,1465.02,940.01
3000000,1538.42,947.702
3100000,1551.19,976.781
3200000,1650.7,1060.48
3300000,1678.54,1115.17
3400000,2221.65,1134.82
3500000,1980.86,1210.58
3600000,2072.7,1190.9
3700000,2228.45,1235.99
3800000,2187.22,1368.39
3900000,2198.7,1289.04
4000000,2291.98,1353.42
4100000,2382.72,1337.02
4200000,2424.9,1521.32
4300000,2373.37,1429.69
4400000,2477.9,1474.64
4500000,2625.65,1472.33
4600000,2691.67,1522.78
4700000,2764.87,1558.68
4800000,2819.92,1580.45
4900000,2709.28,1735.45
5000000,2791.87,1762.52
5100000,2877.22,2092.15
5200000,2649.71,1792.57
5300000,2760.15,1832.14
5400000,2798.1,1872.3
5500000,2834.22,1908.23
5600000,2877.96,1939.79
5700000,2923.22,2093.66
5800000,2936.52,2016.92
5900000,3017.09,2056.34
6000000,3098.15,2046.83
6100000,3230.07,2026.84
6200000,3320.97,2035.18
6300000,3366.77,2038.51
6400000,3397.22,2075.1
6500000,3442.76,2120.24
6600000,3609.68,2162.34
6700000,3551.26,2224.99
6800000,3633.24,2295.42
6900000,3619.08,2307.68
7000000,3799.99,2326.96
7100000,3754.78,2346.49
7200000,3780.04,2419.92
7300000,3863.73,2412.17
7400000,3882.48,2438.9
7500000,3971.37,2488.1
7600000,4187.37,2534.02
7700000,4087.83,2553.63
7800000,4091.59,2562.35
7900000,4083.41,2612.91
8000000,4232.57,2648.02
8100000,4314.62,2675.38
8200000,4320.23,2701.34
8300000,4276.98,2746.2
8400000,4388.32,2891.09
8500000,4474.32,2826.63
8600000,4529.89,2860.27
8700000,4662.09,2883.68
8800000,4595.11,2901.71
8900000,4650.04,2960.05
9000000,4721.68,2982.96
9100000,4810.73,2998.63
9200000,4954.14,3086.54
9300000,5074.35,3064.98
9400000,4931.24,3116.24
9500000,5029.24,3134.3
9600000,5113.84,3190.52
9700000,5087.92,3191.39
9800000,5174.27,3229.16
9900000,5125.88,3269.19
10000000,5263.35,3468.63
-------------------------------------------------------------------------------
2 vs 1 Variant. treshold = 200
-------------------------------------------------------------------------------
1000000,452.631,304.997
1100000,570.72,388.162
1200000,668.756,384.053
1300000,613.802,407.122
1400000,739.954,454.537
1500000,762.541,472.823
1600000,804.572,488.673
1700000,856.471,598.968
1800000,881.073,599.497
1900000,971.381,713.703
2000000,1045.57,718.587
2100000,986.284,648.298
2200000,1030.31,683.035
2300000,1133.82,703.944
2400000,1139.5,696.251
2500000,1171.45,737.153
2600000,1319.25,786.121
2700000,1286.79,811.928
2800000,1522.05,825.319
2900000,1406.31,904.87
3000000,1552.87,884.195
3100000,1566.62,940.18
3200000,1667.44,980.984
3300000,1616.27,1068.39
3400000,1794.42,1070.31
3500000,1704.45,1277.3
3600000,1812.23,1142.21
3700000,1981.36,1181.71
3800000,1918.92,1338.53
3900000,1948.01,1283.33
4000000,2166.53,1283.34
4100000,2042.72,1458.98
4200000,2107.93,1344.64
4300000,2587.09,1397.12
4400000,2389.41,1460.2
4500000,2361.53,1489.95
4600000,2348.86,1615.53
4700000,2427.73,1561.95
4800000,2463.16,1556.99
4900000,2592.95,1569.51
5000000,2728.2,1636.08
5100000,2759.91,1663.47
5200000,2731.38,1716.69
5300000,2824.46,1735.73
5400000,2828.1,1803.66
5500000,2832.04,1833.73
5600000,2911.9,1921.57
5700000,2911.91,1922.25
5800000,3108.51,1886.21
5900000,3132.06,1941.98
6000000,3211.45,1926.91
6100000,3267.24,2004.18
6200000,3519.19,2020.98
6300000,3308.91,2022.67
6400000,3437.63,2060.34
6500000,3508.04,2604.93
6600000,4032.92,2185.43
6700000,3590.9,2258.19
6800000,3742.92,2260.26
6900000,3702.5,2307.36
7000000,3744.86,2341.23
7100000,3843.43,2396.38
7200000,3779.2,2399
7300000,3867.31,2415.95
7400000,3920.6,2480.76
7500000,3922.26,2476.42
7600000,3964.64,2639.82
7700000,4031.09,2553.13
7800000,4095.26,2624.41
7900000,4282.45,2623.88
8000000,4213.78,2654.65
8100000,4272.72,2663.25
8200000,4384.56,2738.45
8300000,4277.01,2759.16
8400000,4321.3,2770.36
8500000,4477.97,2797.25
8600000,4565.05,2832.58
8700000,4549.03,2865.97
8800000,4602.96,2901.13
8900000,4719.09,2938.82
9000000,4837.76,2963.2
9100000,4761.92,3005.53
9200000,4767.59,3076.66
9300000,4851.78,3073.57
9400000,5044.01,3115.49
9500000,5196.55,3157.68
9600000,4998.02,3175.8
9700000,5115.9,3178.45
9800000,5161.73,3234.27
9900000,5159.01,3279.35
10000000,5573.57,3553.65
-------------------------------------------------------------------------------
2 vs 1 Variant. treshold = 50
-------------------------------------------------------------------------------
1000000,410.694,264.295
1100000,469.321,276.178
1200000,505.2,307.046
1300000,536.754,336.871
1400000,572.774,358.297
1500000,603.693,403.121
1600000,832.335,490.201
1700000,833.21,522.666
1800000,885.916,552.428
1900000,927.459,580.269
2000000,925.391,654.72
2100000,964.559,658.948
2200000,1074.12,722.73
2300000,1076.74,743.154
2400000,1085.65,695.732
2500000,1245,737.563
2600000,1194.57,775.894
2700000,1326.31,840.296
2800000,1301.3,839.689
2900000,1345.78,917.113
3000000,1416.49,920.41
3100000,1436.02,1005.82
3200000,1469.2,1000.05
3300000,1534.47,1073.37
3400000,1578.39,1042.2
3500000,1755.91,1088.14
3600000,1759.67,1148.74
3700000,1925.47,1171.03
3800000,1881.16,1298.4
3900000,1786.88,1194.96
4000000,1947.75,1251.28
4100000,1866.73,1337.6
4200000,2243.98,1545.53
4300000,2371.17,1516.38
4400000,2428.84,1478.72
4500000,2628.41,1415.81
4600000,2182.02,1535.02
4700000,2232.4,1525.22
4800000,2322.16,1555.61
4900000,2519.05,1586.08
5000000,2655.34,1652.42
5100000,2659.08,1704.99
5200000,2699.04,1744.33
5300000,2737.35,1827.3
5400000,2811.84,1917.08
5500000,2917.45,2061.19
5600000,2946.3,1907.95
5700000,3100.9,2020.22
5800000,3914.34,2304.45
5900000,3936.45,2189.26
6000000,3521.28,2014.53
6100000,3327.32,2060.8
6200000,3312.18,2082.99
6300000,3375.95,2147.14
6400000,3378.07,2118.32
6500000,3476.44,2188.1
6600000,3586.17,2253.6
6700000,3659.78,2344.47
6800000,3812.79,2401.73
6900000,3808.26,2485.64
7000000,3779.18,2482.23
7100000,3865.36,2484.28
7200000,3907.8,2508.57
7300000,3878.43,2528.29
7400000,3951.62,2592.66
7500000,4052.54,2602.69
7600000,4079.86,2636.44
7700000,4085.38,2909.3
7800000,4123.85,2724.38
7900000,4275.43,2761.54
8000000,4221.96,2794.02
8100000,4249.59,2803.11
8200000,4294.81,2871.07
8300000,4407.46,2916.24
8400000,4442.24,2868.15
8500000,4463.67,2925.62
8600000,4555.45,2985.54
8700000,4569.77,3011.13
8800000,4653.68,3010.54
8900000,4907.24,3072.3
9000000,4780.55,3118.58
9100000,4889.79,3119.73
9200000,4869.03,3136.55
9300000,4890.68,3599.24
9400000,4999.86,3238.46
9500000,5266.52,3259.63
9600000,5168.24,3397.07
9700000,5064.21,3326.09
9800000,5136.23,3343.49
9900000,5204.15,3363.2
10000000,5281.68,3410.42
-------------------------------------------------------------------------------
2 vs 1 Variant. treshold = 300
-------------------------------------------------------------------------------
1000000,459.904,313.604
1100000,729.166,385.36
1200000,760.656,369.128
1300000,681.69,444.004
1400000,704.704,426.406
1500000,728.107,451.809
1600000,795.676,458.518
1700000,864.766,568.827
1800000,881.121,544.547
1900000,922.01,581.918
2000000,993.396,695.949
2100000,1001.6,606.184
2200000,1071.35,694.188
2300000,1222.22,702.037
2400000,1193.3,724.732
2500000,1212.87,825.92
2600000,1491.25,809.557
2700000,1339.86,807.742
2800000,1475.85,861.956
2900000,1445.62,899.44
3000000,1689.18,931.462
3100000,1554.93,1029.09
3200000,1681.98,977.637
3300000,1706.92,1266.24
3400000,1764.39,1047.34
3500000,1911.13,1087.38
3600000,1817.24,1177.1
3700000,1833.08,1143.55
3800000,2041.96,1175.71
3900000,1973.91,1176.1
4000000,2039,1223.63
4100000,2165.16,1264.47
4200000,2106.8,1416.36
4300000,2156.63,1309.15
4400000,2318.53,1386.3
4500000,2401.09,1435.97
4600000,2285.82,1536.85
4700000,2376.62,1549.82
4800000,2423.65,1516.53
4900000,2594.79,1523.88
5000000,2801.91,1585.15
5100000,2669.65,1599.09
5200000,2734.22,1654.24
5300000,2756.07,1686.81
5400000,2759.53,1857.23
5500000,2771.52,1891.02
5600000,2862.24,1888.75
5700000,2886.46,1891.09
5800000,2954.47,1954.54
5900000,3006.21,1976.25
6000000,3115,1983.67
6100000,3241.65,1925.73
6200000,3253.71,1957.3
6300000,3297.86,2077.17
6400000,3383.22,2041.51
6500000,3389.19,2030.45
6600000,3442.55,2074.3
6700000,3592.68,2131.75
6800000,3585.35,2157.84
6900000,3776.24,2187.22
7000000,3720.29,2220.24
7100000,3752.14,2334.31
7200000,3764,2265.88
7300000,3805.08,2282.9
7400000,3864.66,2329.81
7500000,3870.69,2376.21
7600000,3942.25,2397.17
7700000,4006.78,2421.8
7800000,4089.37,2489.46
7900000,4048.69,2486.43
8000000,4158.4,2510.29
8100000,4200.66,2565.07
8200000,4260.42,2580.68
8300000,4229.29,2617.02
8400000,4329.98,2642.4
8500000,4388.68,2692.26
8600000,4408.05,2734.33
8700000,4630.65,2748.18
8800000,4568.16,2875.67
8900000,4763.15,2822.76
9000000,4652.36,2857.85
9100000,4691.17,2863.34
9200000,4728.07,2892.48
9300000,4895.28,2928.91
9400000,4828.6,2958.84
9500000,4916.18,3022.59
9600000,5032.25,3039
9700000,4993.44,3061.44
9800000,5060.24,3093.19
9900000,5259.48,3167.76
10000000,5200.48,3379.24
