-------------------------------------------------------------------------------
Boosted sequential and parallel. First arg is matrix size
-------------------------------------------------------------------------------
50,2,2
100,15,6
150,25,12
200,63,23
250,62,23
300,102,45
350,163,67
400,251,127
450,184,78
500,246,118
550,322,173
600,519,263
650,534,262
700,661,304
750,805,355
800,1015,452
850,667,379
900,819,426
950,910,452
1000,1101,506
1050,1234,515
1100,1402,571
1150,1645,617
1200,1740,734
1250,1938,791
1300,2158,1199
1350,2723,1189
1400,3033,1531
1450,3036,1226
1500,3280,1387
1550,3606,1482
1600,3999,1629
1650,2522,1247
1700,2747,1339
1750,2934,1434
1800,3228,1560
1850,3399,1651
1900,3732,1766
1950,3942,1847
2000,4258,1974
2050,4760,2184
2100,4847,2262
2150,6078,3393
2200,5676,2570
2250,5957,2752
2300,6225,2846
2350,6745,3038
2400,7241,3259
2450,7529,3347
2500,8193,3604
2550,8465,3717
2600,9025,3986
2650,9411,4120
2700,10131,4397
2750,10531,4530
2800,11109,4828
2850,11929,5101
2900,12341,5305
2950,12946,5542
3000,13440,5733
3050,14219,6042
3100,14757,6261
3150,15831,6541
3200,16545,6845
3250,9728,4962
3300,10194,5171
3350,10706,5427
3400,11328,5678
3450,11401,5753
3500,11893,6050
3550,12506,6216
3600,13290,6515
3650,13963,7193
3700,13810,6806
3750,14554,7135
3800,15168,7414
3850,15821,7712
3900,16001,7752
3950,16686,8043
4000,17521,8398
-------------------------------------------------------------------------------
Trivial parallel and boosted parallel. First arg is matrix size
-------------------------------------------------------------------------------
50,0,0
100,5,5
150,16,8
200,37,18
250,67,21
300,112,41
350,184,54
400,289,100
450,408,81
500,604,132
550,802,139
600,862,150
650,1273,204
700,1543,261
750,1903,313
800,2270,351
850,2747,288
900,3223,317
950,3935,410
1000,4581,433
1050,5227,478
1100,6118,577
1150,7359,598
1200,8183,771
1250,8957,780
1300,10258,851
1350,11542,947
1400,12952,1014
1450,14352,1126
1500,15999,1219
1500,15307,1194
1550,16807,1291
1600,19032,1439
1650,20919,1082
1700,23636,1244
1750,25806,1263
1800,30182,1528
1850,36257,2038
1900,40593,1793
1950,43392,1871
2000,49466,2141
-------------------------------------------------------------------------------
Boosted parallel mode for some fixed matrix sizes
-------------------------------------------------------------------------------
900,277
900,287
900,443
900,634
900,486
900,393
900,327
900,316
900,300
900,304
900,321
900,333
900,331
900,337
900,346
900,380
900,354
900,417
900,634
900,511
900,426
1200,736
1200,791
1200,721
1200,749
1200,752
1200,772
1200,698
1200,749
1200,782
1200,732
1200,709
1200,738
1200,725
1200,741
1200,803
1200,1159
1200,937
1200,733
1200,725
1200,750
1200,705
1500,1346
1500,1728
1500,1699
1500,1531
1500,1682
1500,1476
1500,1353
1500,1246
1500,1204
1500,1287
1500,1212
1500,1244
1500,1287
1500,1222
1500,1200
1500,1182
1500,1283
1500,1205
1500,1227
1500,1278
1500,1231
